6.962122658406204e-08 -8.459853893421451e-05 -3.59692392136e-05 
7.675669961385968e-05 -2.1510824477978913e-07 0.00011135336875599521 
3.350879077462114e-05 -0.00011322927916659338 3.7467250666762077e-07 
44
0.27742394671793263 -0.7710151912685331 -0.5732115914918261 
-0.37913816608475354 0.4603498385122682 -0.8027031065092609 
0.8827741527737065 0.440015455427278 -0.1646092165700009 
0
0.27742394671793263 -0.7710151912685331 -0.5732115914918261 
-0.37913816608475354 0.4603498385122682 -0.8027031065092609 
0.8827741527737065 0.440015455427278 -0.1646092165700009 
38
-0.8853122277753345 -0.37026172182045997 -0.2812979145070613 
0.1812493297479541 -0.8318752771609352 0.5245304602349934 
-0.4282183319492421 0.41338817182276144 0.8035790437658533 
32
-0.8853122277753345 -0.37026172182045997 -0.2812979145070613 
0.1812493297479541 -0.8318752771609352 0.5245304602349934 
-0.4282183319492421 0.41338817182276144 0.8035790437658533 
-0.40042663052924116 -0.4164195968432454 -0.43564676529652974 -0.365667712033132 -0.42218045191821674 -0.4490109433628048 -0.45232809821736203 -0.38549458507299805 -0.42669356860113744 -0.4444436974351269 -0.4160924047573523 -0.3875387462663026 -0.40541658650355494 -0.40413998936287515 -0.4013097648306458 -0.38527817544992654 -0.4042688532159927 -0.3774679035551781 -0.4023159757163074 -0.38344638910391093 -0.37541540999120665 -0.4042688532159927 -0.39280093553302386 -0.3774679035551781 -0.37387127409484516 -0.403402356850089 -0.41793113268619014 -0.403402356850089 -0.38997625323904656 -0.40413998936287515 -0.4023159757163074 -0.38511625922589465 -0.384204387658859 -0.38834902515791286 -0.3829771765780533 -0.4013097648306458 -0.4072842689090166 -0.3799884302172011 -0.3950897175417121 -0.3808903446486598 -0.431225987504463 -0.38791606273887075 -0.3936130979704198 -0.3950897175417121 
0.4519226638225307 0.4214482279338147 0.4144046167674783 0.4627758440787249 0.4162749881435374 0.38411157275649377 0.3841015802046939 0.46703649490837695 0.40717517375970025 0.39758252983455317 0.45022849893287137 0.4478864253564034 0.4281738695854881 0.4292913660860615 0.4323949388019656 0.451417441335316 0.42905839792390016 0.4639351932348261 0.43066430342764084 0.45166853081932795 0.46034863435338247 0.42905839792390016 0.44105697017930434 0.4639351932348261 0.46083524715550594 0.4300002616332637 0.41442369953290625 0.4300002616332637 0.4434183281023216 0.4292913660860615 0.43066430342764084 0.44605739186956217 0.45040581779196137 0.44830789464926524 0.45355651756245724 0.4323949388019656 0.42610898052263296 0.45459756143995633 0.4388622695507671 0.45565565786974094 0.4004483568085268 0.4491879058800829 0.44256643290965414 0.4388622695507671 
0.23017073883055933 0.1169570164731087 0.21075094383920948 0.05565526529319283 0.12342935495575831 0.09228351245710224 0.13135214960695477 0.2422307199874107 0.06737936572447874 0.1651735734650965 0.29285015968015804 0.11281607641754841 0.062072370350305155 0.06015577443680738 0.06892694148384582 0.12988082403940637 0.057811871922719076 0.1811663885754583 0.05244071550877937 0.11579543047713349 0.13656716636560357 0.057811871922719076 0.08395330800556498 0.1811663885754583 0.1287246043459851 0.060463797185020235 0.013657842958025017 0.060463797185020235 0.08152144812999 0.06015577443680738 0.05244071550877937 0.04903156169818746 0.10858129417198022 0.12517966504004088 0.1316880553243612 0.06892694148384582 0.056102373612992085 0.11584629203000914 0.08176724225600228 0.1350253015178244 -0.003643390605768387 0.13033583873344767 0.11316607346052873 0.08176724225600228 
